Resultados para: convertNumbers/archivos/fileWithData.txt
-------------------------------------------------------
 ITEM |       NÚMERO |              BINARIO |        HEX
-------------------------------------------------------
    1 |            0 |                    0 |          0
    2 |            1 |                    1 |          1
    3 |           10 |                 1010 |          A
    4 |          255 |             11111111 |         FF
    5 |         1024 |          10000000000 |        400
    6 |           -5 |                 -101 |         -5
    7 |         -128 |            -10000000 |        -80
    8 |        65535 |     1111111111111111 |       FFFF
    9 |           99 |              1100011 |         63
   10 |         2048 |         100000000000 |        800
   11 |           -1 |                   -1 |         -1
-------------------------------------------------------
Tiempo de ejecución: 0.0010 segundos